0
6425
8738
19033
26316
34815
42380
328965
352205
401446
462602
593674
657933
731131
854541
855309
988160
1118464
1118481
1184078
1184274
1251584
1272880
1317888
1359565
1381632
1512724
1585688
1643545
1643785
1644825
1728193
1775649
1842204
1907997
1913758
1973790
2004720
2038026
2038555
2171163
2171169
2229797
2236962
2302755
2399474
2496790
2498323
2499106
2631706
2695475
2706568
2763306
2770241
2827062
2828327
2836760
2894874
3155515
3156522
3158064
3183362
3354413
3354672
3354929
3355443
3418688
3552308
3584191
3629602
3677972
3681605
3684408
3773998
3832097
3881273
3881787
3968060
4011550
4311295
4473924
4495803
4605510
4666933
4671303
4794651
4809033
4933187
4985359
4991511
4991513
4991515
5000268
5064516
5131837
5263440
5286655
5395026
5592405
5666134
5845795
5862272
6052945
6052956
6164237
6173981
6247213
6286126
6381914
6381921
6438271
6510384
6513500
6645086
6699455
6710886
7224647
7434609
7542806
7565931
7566195
7829367
8026746
8163038
8263442
8327953
8355711
8406579
8421504
8947848
9163744
9210752
9211020
9287808
9682745
9718290
9868678
9868950
10066329
10167040
10167474
10197647
10426903
10506258
10592406
11053224
11057133
11184810
11190117
11453035
11584112
11710882
11711154
11781233
11836942
12000284
12039862
12105912
12303274
12372094
12763315
12876543
12895428
13029267
13031851
13092543
13155550
13163437
13224123
13229526
13484259
13615592
13620648
13746411
13749671
13942770
13947850
14209512
14802147
14934482
14951168
15000299
15014691
15022389
15066325
15086900
15214341
15263452
15459493
15590876
15591638
15592411
15592899
15656370
15658734
15754290
15790320
15920858
15921852
15921870
16064048
16118756
16308697
16311482
16518683
16557154
16575614
16579778
16579836
16728450
16741158
16742950
16746278
16746306
16746413
16748864
16749632
16750080
16750592
16752972
16756055
16760320
16762880
16763432
16765952
16774560
16777215
51450112
67108863
436207616
437326080
442260561
444234362
451800027
452984831
609045837
655429888
655629312
666683518
671088639
856756480
856756497
857223704
857282841
857551774
858401322
860111940
860447049
860571203
860638284
861230421
861304150
861690961
861690972
862151516
862348902
863203947
863664762
864585864
864925824
865871792
868862139
869585866
871230427
872415231
1074860288
1090519039
1216522952
1292174597
1292964096
1293171732
1293431320
1295418140
1295727419
1296319556
1296845900
1297438037
1298359132
1300057891
1300793480
1301043238
1301133440
1304608947
1306780114
1308576652
1308604747
1308622847
1511594265
1523897290
1545508592
1548466662
1560281087
1711276032
1712264192
1712394496
1712602132
1712861720
1714039338
1714631475
1714848540
1716085065
1716209219
1716942166
1717328977
1719302778
1719488291
1720473638
1720563840
1721144710
1724500155
1724896680
1728053247
1931024665
1943327690
2147483648
2149391645
2150246954
2152292681
2152416835
2153149782
2159483932
2160576191
2160707771
2162506037
2164214668
2164260863
2566914048
2567507722
2579945899
2583691263
2787649562
2801593470
3003121664
3003473869
3019898879
3258727484
3422763904
3425648640
3431500856
3432785840
3942645760
4043309055
4279308544
4281545523
4287137928
4287393810
4288578070
4294761984
4294960384
4294967295
